<!DOCTYPE HTML>
<html>
  <head>
    <meta charset="UTF-8">
    <title>Tomtom Results</title>
    <script>
      // @JSON_VAR data
      var data = {
        "program": "Tomtom",
        "version": "5.4.1",
        "release": "Sat Aug 21 19:23:23 2021 -0700",
        "cmd": [
          "tomtom",
          "./motif_databases/MOUSE/HOCOMOCOv11_full_MOUSE_mono_meme_format.meme",
          "./memechip_out/combined.meme"
        ],
        "options": {
          "strands": "both",
          "distance_measure": "ed",
          "threshold_type": "qvalue",
          "threshold_value": 0.5,
          "background_source": "--query--"
        },
        "alphabet": {
          "name": "DNA",
          "like": "dna",
          "ncore": 4,
          "symbols": [
            {
              "symbol": "A",
              "name": "Adenine",
              "colour": "CC0000",
              "complement": "T"
            }, {
              "symbol": "C",
              "name": "Cytosine",
              "colour": "0000CC",
              "complement": "G"
            }, {
              "symbol": "G",
              "name": "Guanine",
              "colour": "FFB300",
              "complement": "C"
            }, {
              "symbol": "T",
              "aliases": "U",
              "name": "Thymine",
              "colour": "008000",
              "complement": "A"
            }, {
              "symbol": "N",
              "aliases": "X.",
              "name": "Any base",
              "equals": "ACGT"
            }, {
              "symbol": "V",
              "name": "Not T",
              "equals": "ACG"
            }, {
              "symbol": "H",
              "name": "Not G",
              "equals": "ACT"
            }, {
              "symbol": "D",
              "name": "Not C",
              "equals": "AGT"
            }, {
              "symbol": "B",
              "name": "Not A",
              "equals": "CGT"
            }, {
              "symbol": "M",
              "name": "Amino",
              "equals": "AC"
            }, {
              "symbol": "R",
              "name": "Purine",
              "equals": "AG"
            }, {
              "symbol": "W",
              "name": "Weak",
              "equals": "AT"
            }, {
              "symbol": "S",
              "name": "Strong",
              "equals": "CG"
            }, {
              "symbol": "Y",
              "name": "Pyrimidine",
              "equals": "CT"
            }, {
              "symbol": "K",
              "name": "Keto",
              "equals": "GT"
            }
          ]
        },
        "background": [0.25, 0.25, 0.25, 0.25],
        "query_dbs": [
          {
            "source": "./motif_databases/MOUSE/HOCOMOCOv11_full_MOUSE_mono_meme_format.meme",
            "name": "HOCOMOCOv11_full_MOUSE_mono_meme_format",
            "loaded": 531,
            "excluded": 0,
            "last_modified": "Thu Mar 17 20:59:30 2022"
          }
        ],
        "target_dbs": [
          {
            "source": "./memechip_out/combined.meme",
            "name": "combined",
            "loaded": 3,
            "excluded": 0,
            "last_modified": "Sun Oct  9 07:19:30 2022"
          }
        ],
        "queries": [
          {
            "db": 0,
            "id": "AHR_MOUSE.H11MO.0.B",
            "len": 9,
            "nsites": 154,
            "evalue": "1.0e+000",
            "url": "http://hocomoco.autosome.ru/motif/AHR_MOUSE.H11MO.0.B",
            "pwm": [
              [0.263136, 0.118683, 0.366338, 0.251843], 
              [0.0707683, 0.0772165, 0.225162, 0.626854], 
              [0.141125, 0.285009, 0.13457, 0.439296], 
              [0.0166917, 0.00871197, 0.946968, 0.027628], 
              [0.000162232, 0.976144, 0.00985194, 0.0138418], 
              [0.0224981, 0.00529208, 0.969768, 0.00244216], 
              [0.000162232, 0.0224981, 0.00472209, 0.972618], 
              [0.000162232, 0.000162232, 0.999513, 0.000162232], 
              [0.279791, 0.434254, 0.105056, 0.180899]
            ]
          }, {
            "db": 0,
            "id": "AIRE_MOUSE.H11MO.0.C",
            "len": 18,
            "nsites": 41,
            "evalue": "1.0e+000",
            "url": "http://hocomoco.autosome.ru/motif/AIRE_MOUSE.H11MO.0.C",
            "pwm": [
              [0.397368, 0.261336, 0.125304, 0.215992], 
              [0.181984, 0.181984, 0.13664, 0.499392], 
              [0.13664, 0.13664, 0.204656, 0.522064], 
              [0.0459522, 0.000608273, 0.884815, 0.0686242], 
              [0.000608273, 0.000608273, 0.816799, 0.181984], 
              [0.318016, 0.0459522, 0.0232802, 0.612752], 
              [0.386032, 0.0912962, 0.0232802, 0.499392], 
              [0.36336, 0.13664, 0.13664, 0.36336], 
              [0.340688, 0.0686242, 0.13664, 0.454048], 
              [0.522064, 0.0912962, 0.13664, 0.25], 
              [0.386032, 0.0459522, 0.0686242, 0.499392], 
              [0.227328, 0.13664, 0.0686242, 0.567408], 
              [0.000608273, 0.0232802, 0.884815, 0.0912962], 
              [0.000608273, 0.000608273, 0.975503, 0.0232802], 
              [0.227328, 0.0912962, 0.25, 0.431376], 
              [0.0686242, 0.181984, 0.181984, 0.567408], 
              [0.454048, 0.0232802, 0.159312, 0.36336], 
              [0.403036, 0.267004, 0.1083, 0.22166]
            ]
          }, {
            "db": 0,
            "id": "ALX1_MOUSE.H11MO.0.B",
            "len": 12,
            "nsites": 31,
            "evalue": "1.0e+000",
            "url": "http://hocomoco.autosome.ru/motif/ALX1_MOUSE.H11MO.0.B",
            "pwm": [
              [0.436232, 0.209206, 0.273057, 0.0815044], 
              [0.0646548, 0.0965803, 0.000803859, 0.837961], 
              [0.770563, 0.0327293, 0.100128, 0.0965803], 
              [0.866339, 0.0646548, 0.000803859, 0.0682021], 
              [0.000803859, 0.0965803, 0.000803859, 0.901812], 
              [0.0327293, 0.22783, 0.128506, 0.610935], 
              [0.483233, 0.000803859, 0.515159, 0.000803859], 
              [0.355531, 0.256208, 0.355531, 0.0327293], 
              [0.77411, 0.000803859, 0.128506, 0.0965803], 
              [0.100128, 0.000803859, 0.0327293, 0.866339], 
              [0.0646548, 0.0327293, 0.0327293, 0.869886], 
              [0.827319, 0.0575603, 0.0575603, 0.0575603]
            ]
          }, {
            "db": 0,
            "id": "ANDR_MOUSE.H11MO.0.A",
            "len": 16,
            "nsites": 500,
            "evalue": "1.0e+000",
            "url": "http://hocomoco.autosome.ru/motif/ANDR_MOUSE.H11MO.0.A",
            "pwm": [
              [0.40197, 0.0160468, 0.519946, 0.0620376], 
              [0.0260448, 0.00404919, 0.943861, 0.0260448], 
              [0.45196, 0.192012, 0.214007, 0.142022], 
              [0.90187, 0.0180464, 0.0260448, 0.0540392], 
              [4.999e-05, 0.961858, 0.0260448, 0.0120476], 
              [0.815887, 0.0160468, 0.0940312, 0.0740352], 
              [0.0560388, 0.409968, 0.263997, 0.269996], 
              [4.999e-05, 0.377974, 4.999e-05, 0.621926], 
              [0.128024, 0.383973, 0.369976, 0.118026], 
              [0.0840332, 0.0560388, 0.0120476, 0.84788], 
              [0.00404919, 0.010048, 0.985853, 4.999e-05], 
              [0.0240452, 0.0260448, 0.0180464, 0.931864], 
              [0.14802, 0.212008, 0.206009, 0.433963], 
              [0.0320436, 0.933863, 0.00404919, 0.030044], 
              [0.0540392, 0.533943, 0.00404919, 0.407968], 
              [0.136023, 0.309988, 0.192012, 0.361978]
            ]
          }, {
            "db": 0,
            "id": "ANDR_MOUSE.H11MO.1.A",
            "len": 12,
            "nsites": 500,
            "evalue": "1.0e+000",
            "url": "http://hocomoco.autosome.ru/motif/ANDR_MOUSE.H11MO.1.A",
            "pwm": [
              [0.507948, 0.080034, 0.108028, 0.303989], 
              [0.0820336, 0.429964, 0.323985, 0.164017], 
              [0.182014, 0.232004, 0.0340432, 0.55194], 
              [0.0720356, 0.34798, 0.365977, 0.214007], 
              [0.0260448, 0.0220456, 0.00404919, 0.94786], 
              [0.00204959, 0.00204959, 0.983853, 0.0120476], 
              [0.00804839, 4.999e-05, 0.00604879, 0.985853], 
              [0.0680364, 0.236003, 0.172016, 0.523945], 
              [0.00204959, 0.973855, 4.999e-05, 0.0240452], 
              [0.0520396, 0.365977, 0.00804839, 0.573935], 
              [0.0760348, 0.20001, 0.212008, 0.511948], 
              [0.166017, 0.160018, 0.307988, 0.365977]
            ]
          }, {
            "db": 0,
            "id": "AP2A_MOUSE.H11MO.0.A",
            "len": 12,
            "nsites": 500,
            "evalue": "1.0e+000",
            "url": "http://hocomoco.autosome.ru/motif/AP2A_MOUSE.H11MO.0.A",
            "pwm": [
              [0.405969, 0.206009, 0.234003, 0.154019], 
              [0.176015, 0.196011, 0.192012, 0.435963], 
              [0.228004, 0.146021, 0.443961, 0.182014], 
              [0.00404919, 0.465957, 0.513947, 0.0160468], 
              [0.00204959, 0.995851, 0.00204959, 4.999e-05], 
              [4.999e-05, 0.973855, 4.999e-05, 0.0260448], 
              [0.0260448, 0.212008, 0.0720356, 0.689912], 
              [0.0780344, 4.999e-05, 0.917866, 0.00404919], 
              [0.541942, 0.0960308, 0.357978, 0.00404919], 
              [0.0620376, 4.999e-05, 0.935863, 0.00204959], 
              [4.999e-05, 4.999e-05, 0.99985, 4.999e-05], 
              [0.0140472, 0.719906, 0.259998, 0.00604879]
            ]
          }, {
            "db": 0,
            "id": "AP2B_MOUSE.H11MO.0.B",
            "len": 10,
            "nsites": 28,
            "evalue": "1.0e+000",
            "url": "http://hocomoco.autosome.ru/motif/AP2B_MOUSE.H11MO.0.B",
            "pwm": [
              [0.0402747, 0.00088968, 0.780713, 0.178122], 
              [0.00088968, 0.646804, 0.245077, 0.107229], 
              [0.00088968, 0.961884, 0.00088968, 0.0363362], 
              [0.115106, 0.571973, 0.00088968, 0.312031], 
              [0.0757212, 0.0363362, 0.887053, 0.00088968], 
              [0.327785, 0.31597, 0.355355, 0.00088968], 
              [0.0717827, 0.0363362, 0.851606, 0.0402747], 
              [0.00088968, 0.00088968, 0.997331, 0.00088968], 
              [0.190922, 0.123968, 0.675358, 0.00975131], 
              [0.22243, 0.446925, 0.253939, 0.0767059]
            ]
          }, {
            "db": 0,
            "id": "AP2C_MOUSE.H11MO.0.A",
            "len": 13,
            "nsites": 500,
            "evalue": "1.0e+000",
            "url": "http://hocomoco.autosome.ru/motif/AP2C_MOUSE.H11MO.0.A",
            "pwm": [
              [0.154019, 0.305989, 0.162018, 0.377974], 
              [0.263997, 0.132024, 0.433963, 0.170016], 
              [0.00804839, 0.381974, 0.575935, 0.0340432], 
              [4.999e-05, 0.993851, 0.00204959, 0.00404919], 
              [0.00204959, 0.821886, 0.00204959, 0.174015], 
              [4.999e-05, 0.425965, 0.126025, 0.44796], 
              [0.00204959, 0.883873, 4.999e-05, 0.114027], 
              [0.667916, 0.010048, 0.279994, 0.0420416], 
              [0.010048, 4.999e-05, 0.989852, 4.999e-05], 
              [4.999e-05, 4.999e-05, 0.991852, 0.00804839], 
              [0.0180464, 0.55194, 0.423965, 0.00604879], 
              [0.168016, 0.413967, 0.162018, 0.255999], 
              [0.357978, 0.216007, 0.244001, 0.182014]
            ]
          }, {
            "db": 0,
            "id": "AP2D_MOUSE.H11MO.0.D",
            "len": 14,
            "nsites": 5,
            "evalue": "1.0e+000",
            "url": "http://hocomoco.autosome.ru/motif/AP2D_MOUSE.H11MO.0.D",
            "pwm": [
              [0.2329, 0.483698, 0.2329, 0.0505016], 
              [0.00490196, 0.00490196, 0.985294, 0.00490196], 
              [0.00490196, 0.620497, 0.187301, 0.187301], 
              [0.00490196, 0.985294, 0.00490196, 0.00490196], 
              [0.00490196, 0.597697, 0.00490196, 0.392499], 
              [0.00490196, 0.00490196, 0.985294, 0.00490196], 
              [0.392499, 0.2329, 0.369699, 0.00490196], 
              [0.00490196, 0.00490196, 0.985294, 0.00490196], 
              [0.00490196, 0.00490196, 0.985294, 0.00490196], 
              [0.00490196, 0.802896, 0.187301, 0.00490196], 
              [0.187301, 0.2329, 0.392499, 0.187301], 
              [0.00490196, 0.802896, 0.187301, 0.00490196], 
              [0.00490196, 0.187301, 0.802896, 0.00490196], 
              [0.0505016, 0.2329, 0.0505016, 0.666097]
            ]
          }, {
            "db": 0,
            "id": "ARI3A_MOUSE.H11MO.0.D",
            "len": 22,
            "nsites": 44,
            "evalue": "1.0e+000",
            "url": "http://hocomoco.autosome.ru/motif/ARI3A_MOUSE.H11MO.0.D",
            "pwm": [
              [0.390323, 0.0966588, 0.325656, 0.187362], 
              [0.680839, 0.0912698, 0.000566893, 0.227324], 
              [0.112826, 0.000566893, 0.000566893, 0.886041], 
              [0.158177, 0.000566893, 0.000566893, 0.840689], 
              [0.952948, 0.0459184, 0.000566893, 0.000566893], 
              [0.931392, 0.0674742, 0.000566893, 0.000566893], 
              [0.475637, 0.000566893, 0.0243626, 0.499433], 
              [0.000566893, 0.40873, 0.227324, 0.363379], 
              [0.294232, 0.181973, 0.432526, 0.0912698], 
              [0.499433, 0.0459184, 0.363379, 0.0912698], 
              [0.454082, 0.0459184, 0.158177, 0.341823], 
              [0.72843, 0.000566893, 0.0912698, 0.179733], 
              [0.136621, 0.0459184, 0.0912698, 0.72619], 
              [0.160417, 0.56858, 0.0459184, 0.225084], 
              [0.72619, 0.000566893, 0.000566893, 0.272676], 
              [0.749986, 0.0459184, 0.000566893, 0.203529], 
              [0.952948, 0.000566893, 0.000566893, 0.0459184], 
              [0.40873, 0.000566893, 0.0459184, 0.544785], 
              [0.115066, 0.136621, 0.0912698, 0.657043], 
              [0.520989, 0.136621, 0.0243626, 0.318027], 
              [0.611692, 0.069714, 0.000566893, 0.318027], 
              [0.664672, 0.00595584, 0.075103, 0.254269]
            ]
          }, {
            "db": 0,
            "id": "ARI5B_MOUSE.H11MO.0.C",
            "len": 13,
            "nsites": 15,
            "evalue": "1.0e+000",
            "url": "http://hocomoco.autosome.ru/motif/ARI5B_MOUSE.H11MO.0.C",
            "pwm": [
              [0.216887, 0.0844371, 0.349338, 0.349338], 
              [0.134106, 0.266556, 0.399007, 0.200331], 
              [0.00165563, 0.266556, 0.200331, 0.531457], 
              [0.00165563, 0.134106, 0.332781, 0.531457], 
              [0.332781, 0.0678808, 0.332781, 0.266556], 
              [0.200331, 0.0678808, 0.663907, 0.0678808], 
              [0.00165563, 0.00165563, 0.00165563, 0.995033], 
              [0.862583, 0.00165563, 0.134106, 0.00165563], 
              [0.00165563, 0.134106, 0.00165563, 0.862583], 
              [0.00165563, 0.0678808, 0.0678808, 0.862583], 
              [0.134106, 0.266556, 0.531457, 0.0678808], 
              [0.134106, 0.0678808, 0.266556, 0.531457], 
              [0.25, 0.11755, 0.448675, 0.183775]
            ]
          }, {
            "db": 0,
            "id": "ARNT2_MOUSE.H11MO.0.D",
            "len": 12,
            "nsites": 18,
            "evalue": "1.0e+000",
            "url": "http://hocomoco.autosome.ru/motif/ARNT2_MOUSE.H11MO.0.D",
            "pwm": [
              [0.193565, 0.0837457, 0.584034, 0.138655], 
              [0.16611, 0.282031, 0.330839, 0.22102], 
              [0.00138122, 0.660297, 0.22102, 0.117302], 
              [0.00138122, 0.0562909, 0.940947, 0.00138122], 
              [0.00138122, 0.00138122, 0.0562909, 0.940947], 
              [0.00138122, 0.0562909, 0.940947, 0.00138122], 
              [0.0562909, 0.00138122, 0.879936, 0.062392], 
              [0.16611, 0.330839, 0.39185, 0.111201], 
              [0.556579, 0.00138122, 0.27593, 0.16611], 
              [0.00138122, 0.330839, 0.556579, 0.111201], 
              [0.39185, 0.00138122, 0.495568, 0.111201], 
              [0.138655, 0.584034, 0.193565, 0.0837457]
            ]
          }, {
            "db": 0,
            "id": "ARNT_MOUSE.H11MO.0.B",
            "len": 8,
            "nsites": 268,
            "evalue": "1.0e+000",
            "url": "http://hocomoco.autosome.ru/motif/ARNT_MOUSE.H11MO.0.B",
            "pwm": [
              [0.102933, 0.246462, 0.236653, 0.413952], 
              [0.0471285, 0.519286, 0.061683, 0.371903], 
              [0.543452, 9.32488e-05, 0.456361, 9.32488e-05], 
              [9.32488e-05, 0.99972, 9.32488e-05, 9.32488e-05], 
              [9.32488e-05, 9.32488e-05, 0.99972, 9.32488e-05], 
              [9.32488e-05, 9.32488e-05, 9.32488e-05, 0.99972], 
              [9.32488e-05, 9.32488e-05, 0.99972, 9.32488e-05], 
              [0.187822, 0.552979, 0.0534565, 0.205742]
            ]
          }, {
            "db": 0,
            "id": "ASCL1_MOUSE.H11MO.0.A",
            "len": 14,
            "nsites": 447,
            "evalue": "1.0e+000",
            "url": "http://hocomoco.autosome.ru/motif/ASCL1_MOUSE.H11MO.0.A",
            "pwm": [
              [0.0805748, 0.581581, 0.167804, 0.17004], 
              [0.259506, 0.19017, 0.0872847, 0.46304], 
              [0.100705, 0.286345, 0.539085, 0.0738649], 
              [5.59159e-05, 0.999832, 5.59159e-05, 5.59159e-05], 
              [0.999832, 5.59159e-05, 5.59159e-05, 5.59159e-05], 
              [5.59159e-05, 0.4362, 0.552505, 0.0112391], 
              [5.59159e-05, 0.990886, 5.59159e-05, 0.00900246], 
              [5.59159e-05, 5.59159e-05, 0.00229255, 0.997596], 
              [5.59159e-05, 0.00229255, 0.997596, 5.59159e-05], 
              [0.0224223, 0.794062, 0.0828115, 0.100705], 
              [0.111888, 0.467513, 5.59159e-05, 0.420544], 
              [0.0604451, 0.351208, 0.322132, 0.266216], 
              [0.105178, 0.505536, 0.138727, 0.250559], 
              [0.161094, 0.382521, 0.140964, 0.315422]
            ]
          }, {
            "db": 0,
            "id": "ASCL2_MOUSE.H11MO.0.C",
            "len": 9,
            "nsites": 499,
            "evalue": "1.0e+000",
            "url": "http://hocomoco.autosome.ru/motif/ASCL2_MOUSE.H11MO.0.C",
            "pwm": [
              [0.262523, 0.352685, 0.33866, 0.046133], 
              [0.0020537, 0.989832, 0.0040573, 0.0040573], 
              [0.985824, 0.00606091, 0.0020537, 0.00606091], 
              [0.00606091, 0.352685, 0.587107, 0.0541475], 
              [0.0140753, 0.979814, 0.0020537, 0.0040573], 
              [0.0040573, 0.0040573, 5.00902e-05, 0.991835], 
              [0.0020537, 0.0100681, 0.963785, 0.0240934], 
              [0.00606091, 0.867612, 0.0140753, 0.112252], 
              [0.102234, 0.29458, 0.00806452, 0.595121]
            ]
          }, {
            "db": 0,
            "id": "ATF1_MOUSE.H11MO.0.B",
            "len": 10,
            "nsites": 34,
            "evalue": "1.0e+000",
            "url": "http://hocomoco.autosome.ru/motif/ATF1_MOUSE.H11MO.0.B",
            "pwm": [
              [0.306133, 0.340383, 0.340383, 0.0131013], 
              [0.000733138, 0.000733138, 0.000733138, 0.997801], 
              [0.000733138, 0.000733138, 0.997801, 0.000733138], 
              [0.997801, 0.000733138, 0.000733138, 0.000733138], 
              [0.000733138, 0.967356, 0.0311779, 0.000733138], 
              [0.0311779, 0.000733138, 0.967356, 0.000733138], 
              [0.0197611, 0.0711368, 0.000733138, 0.908369], 
              [0.0825536, 0.562059, 0.26332, 0.0920676], 
              [0.740923, 0.156763, 0.0635256, 0.0387891], 
              [0.193867, 0.391759, 0.296619, 0.117755]
            ]
          }, {
            "db": 0,
            "id": "ATF2_MOUSE.H11MO.0.A",
            "len": 11,
            "nsites": 500,
            "evalue": "1.0e+000",
            "url": "http://hocomoco.autosome.ru/motif/ATF2_MOUSE.H11MO.0.A",
            "pwm": [
              [0.315987, 0.0880324, 0.463957, 0.132024], 
              [0.423965, 0.166017, 0.383973, 0.0260448], 
              [0.020046, 0.0240452, 0.0120476, 0.943861], 
              [0.0160468, 0.0140472, 0.939862, 0.030044], 
              [0.903869, 0.0120476, 0.0140472, 0.070036], 
              [0.0340432, 0.361978, 0.248, 0.355979], 
              [0.00204959, 0.0420416, 0.933863, 0.0220456], 
              [0.126025, 0.0720356, 0.0260448, 0.775895], 
              [0.158018, 0.775895, 0.0360428, 0.030044], 
              [0.875875, 0.0180464, 0.0640372, 0.0420416], 
              [0.0620376, 0.253999, 0.184013, 0.49995]
            ]
          }, {
            "db": 0,
            "id": "ATF3_MOUSE.H11MO.0.A",
            "len": 9,
            "nsites": 500,
            "evalue": "1.0e+000",
            "url": "http://hocomoco.autosome.ru/motif/ATF3_MOUSE.H11MO.0.A",
            "pwm": [
              [0.357978, 0.307988, 0.269996, 0.0640372], 
              [0.040042, 0.00604879, 0.0140472, 0.939862], 
              [0.010048, 0.0260448, 0.913867, 0.05004], 
              [0.925865, 0.00404919, 0.0180464, 0.0520396], 
              [0.0580384, 4.999e-05, 0.941862, 4.999e-05], 
              [0.14802, 0.0320436, 0.0280444, 0.791892], 
              [0.114027, 0.827884, 0.05004, 0.00804839], 
              [0.987852, 0.00804839, 4.999e-05, 0.00404919], 
              [0.0360428, 0.355979, 0.269996, 0.337982]
            ]
          }, {
            "db": 0,
            "id": "ATF4_MOUSE.H11MO.0.A",
            "len": 12,
            "nsites": 500,
            "evalue": "1.0e+000",
            "url": "http://hocomoco.autosome.ru/motif/ATF4_MOUSE.H11MO.0.A",
            "pwm": [
              [0.353979, 0.0720356, 0.413967, 0.160018], 
              [0.204009, 0.20201, 0.391972, 0.20201], 
              [0.555939, 0.293991, 0.15002, 4.999e-05], 
              [4.999e-05, 0.00804839, 4.999e-05, 0.991852], 
              [4.999e-05, 0.00804839, 0.983853, 0.00804839], 
              [0.981854, 0.00804839, 0.00404919, 0.00604879], 
              [0.00404919, 0.05004, 0.00204959, 0.943861], 
              [4.999e-05, 4.999e-05, 0.99985, 4.999e-05], 
              [0.0940312, 0.821886, 4.999e-05, 0.0840332], 
              [0.993851, 0.00404919, 0.00204959, 4.999e-05], 
              [0.99785, 4.999e-05, 0.00204959, 4.999e-05], 
              [0.0280444, 0.311988, 0.10203, 0.557938]
            ]
          }, {
            "db": 0,
            "id": "ATF7_MOUSE.H11MO.0.D",
            "len": 11,
            "nsites": 500,
            "evalue": "1.0e+000",
            "url": "http://hocomoco.autosome.ru/motif/ATF7_MOUSE.H11MO.0.D",
            "pwm": [
              [0.345981, 0.0940312, 0.49795, 0.0620376], 
              [0.441962, 0.0820336, 0.391972, 0.0840332], 
              [0.0660368, 4.999e-05, 0.0160468, 0.917866], 
              [0.0120476, 0.030044, 0.90187, 0.0560388], 
              [0.859878, 0.0420416, 0.040042, 0.0580384], 
              [0.0620376, 0.333983, 0.252, 0.35198], 
              [0.00804839, 0.0440412, 0.917866, 0.030044], 
              [0.186013, 0.0780344, 0.0360428, 0.69991], 
              [0.224005, 0.721906, 0.0380424, 0.0160468], 
              [0.94786, 0.010048, 0.0160468, 0.0260448], 
              [0.0340432, 0.307988, 0.253999, 0.403969]
            ]
          }, {
            "db": 0,
            "id": "ATOH1_MOUSE.H11MO.0.B",
            "len": 9,
            "nsites": 500,
            "evalue": "1.0e+000",
            "url": "http://hocomoco.autosome.ru/motif/ATOH1_MOUSE.H11MO.0.B",
            "pwm": [
              [0.533943, 0.0420416, 0.377974, 0.0460408], 
              [0.323985, 0.154019, 0.521946, 4.999e-05], 
              [0.00204959, 0.995851, 0.00204959, 4.999e-05], 
              [0.99785, 4.999e-05, 4.999e-05, 0.00204959], 
              [4.999e-05, 0.00804839, 0.973855, 0.0180464], 
              [0.585933, 0.379974, 0.0340432, 4.999e-05], 
              [0.0180464, 0.00604879, 0.00204959, 0.973855], 
              [0.00204959, 4.999e-05, 0.989852, 0.00804839], 
              [0.0320436, 0.110028, 0.721906, 0.136023]
            ]
          }, {
            "db": 0,
            "id": "BACH1_MOUSE.H11MO.0.C",
            "len": 14,
            "nsites": 8,
            "evalue": "1.0e+000",
            "url": "http://hocomoco.autosome.ru/motif/BACH1_MOUSE.H11MO.0.C",
            "pwm": [
              [0.138382, 0.246618, 0.00308642, 0.611914], 
              [0.111323, 0.00308642, 0.882505, 0.00308642], 
              [0.00308642, 0.990741, 0.00308642, 0.00308642], 
              [0.00308642, 0.111323, 0.00308642, 0.882505], 
              [0.00308642, 0.00308642, 0.990741, 0.00308642], 
              [0.882505, 0.00308642, 0.00308642, 0.111323], 
              [0.00308642, 0.246618, 0.74721, 0.00308642], 
              [0.00308642, 0.00308642, 0.00308642, 0.990741], 
              [0.00308642, 0.990741, 0.00308642, 0.00308642], 
              [0.990741, 0.00308642, 0.00308642, 0.00308642], 
              [0.138382, 0.381913, 0.00308642, 0.476619], 
              [0.111323, 0.00308642, 0.74721, 0.138382], 
              [0.00308642, 0.260147, 0.625444, 0.111323], 
              [0.00308642, 0.00308642, 0.00308642, 0.990741]
            ]
          }, {
            "db": 0,
            "id": "BACH2_MOUSE.H11MO.0.A",
            "len": 11,
            "nsites": 500,
            "evalue": "1.0e+000",
            "url": "http://hocomoco.autosome.ru/motif/BACH2_MOUSE.H11MO.0.A",
            "pwm": [
              [0.188012, 0.138022, 0.146021, 0.527944], 
              [0.0560388, 0.10003, 0.787892, 0.0560388], 
              [0.0480404, 0.871876, 0.0420416, 0.0380424], 
              [0.0860328, 0.0940312, 0.030044, 0.789892], 
              [0.0580384, 0.0980304, 0.759898, 0.0840332], 
              [0.843881, 0.0340432, 0.00804839, 0.114027], 
              [0.0260448, 0.140022, 0.823885, 0.010048], 
              [0.0180464, 0.0140472, 0.00204959, 0.965857], 
              [0.0260448, 0.967856, 0.00404919, 0.00204959], 
              [0.985853, 4.999e-05, 0.00404919, 0.010048], 
              [0.0140472, 0.367976, 0.156019, 0.461958]
            ]
          }, {
            "db": 0,
            "id": "BARX1_MOUSE.H11MO.0.C",
            "len": 12,
            "nsites": 150,
            "evalue": "1.0e+000",
            "url": "http://hocomoco.autosome.ru/motif/BARX1_MOUSE.H11MO.0.C",
            "pwm": [
              [0.133411, 0.186709, 0.333278, 0.346602], 
              [0.140073, 0.326616, 0.186709, 0.346602], 
              [0.200033, 0.120087, 0.0468021, 0.633078], 
              [0.792971, 0.0801133, 0.120087, 0.00682878], 
              [0.972851, 0.0201532, 0.000166556, 0.00682878], 
              [0.126749, 0.1001, 0.259993, 0.513158], 
              [0.1001, 0.00682878, 0.299967, 0.593105], 
              [0.013491, 0.0534644, 0.926216, 0.00682878], 
              [0.0801133, 0.286642, 0.0401399, 0.593105], 
              [0.146736, 0.16006, 0.013491, 0.679714], 
              [0.146736, 0.106762, 0.120087, 0.626416], 
              [0.186709, 0.173384, 0.120087, 0.51982]
            ]
          }, {
            "db": 0,
            "id": "BARX2_MOUSE.H11MO.0.D",
            "len": 10,
            "nsites": 14,
            "evalue": "1.0e+000",
            "url": "http://hocomoco.autosome.ru/motif/BARX2_MOUSE.H11MO.0.D",
            "pwm": [
              [0.1425, 0.1425, 0.0721366, 0.642863], 
              [0.00177305, 0.431772, 0.1425, 0.423954], 
              [0.423954, 0.1425, 0.291045, 0.1425], 
              [0.283227, 0.150318, 0.00177305, 0.564681], 
              [0.00177305, 0.00177305, 0.00177305, 0.994681], 
              [0.924317, 0.00177305, 0.0721366, 0.00177305], 
              [0.994681, 0.00177305, 0.00177305, 0.00177305], 
              [0.00177305, 0.00177305, 0.00177305, 0.994681], 
              [0.00177305, 0.0721366, 0.431772, 0.494318], 
              [0.353591, 0.00177305, 0.502136, 0.1425]
            ]
          }, {
            "db": 0,
            "id": "BATF3_MOUSE.H11MO.0.A",
            "len": 17,
            "nsites": 500,
            "evalue": "1.0e+000",
            "url": "http://hocomoco.autosome.ru/motif/BATF3_MOUSE.H11MO.0.A",
            "pwm": [
              [0.172016, 0.353979, 0.206009, 0.267996], 
              [0.483953, 0.0560388, 0.244001, 0.216007], 
              [0.030044, 0.389972, 0.50195, 0.0780344], 
              [0.030044, 0.0160468, 0.0140472, 0.939862], 
              [0.0460408, 0.0640372, 0.00804839, 0.881874], 
              [0.0420416, 0.160018, 0.0420416, 0.755899], 
              [0.0180464, 0.855879, 0.020046, 0.106029], 
              [0.50195, 0.178014, 0.120026, 0.20001], 
              [0.210008, 0.182014, 0.218006, 0.389972], 
              [0.230004, 0.0420416, 0.0640372, 0.663917], 
              [0.481954, 0.19801, 0.0560388, 0.263997], 
              [0.00804839, 4.999e-05, 0.010048, 0.981854], 
              [0.0120476, 0.0240452, 0.809888, 0.154019], 
              [0.863877, 0.00604879, 0.0420416, 0.0880324], 
              [0.10003, 0.461958, 0.317986, 0.120026], 
              [0.252, 0.120026, 0.146021, 0.481954], 
              [0.242002, 0.385973, 0.186013, 0.186013]
            ]
          }, {
            "db": 0,
            "id": "BATF_MOUSE.H11MO.0.A",
            "len": 18,
            "nsites": 500,
            "evalue": "1.0e+000",
            "url": "http://hocomoco.autosome.ru/motif/BATF_MOUSE.H11MO.0.A",
            "pwm": [
              [0.395971, 0.0640372, 0.289992, 0.25], 
              [0.170016, 0.261998, 0.39797, 0.170016], 
              [0.0880324, 0.0740352, 0.156019, 0.681914], 
              [0.14802, 0.34798, 0.118026, 0.385973], 
              [0.134023, 0.293991, 0.104029, 0.467956], 
              [0.20001, 0.453959, 0.10003, 0.246001], 
              [0.303989, 0.166017, 0.371976, 0.158018], 
              [0.481954, 0.138022, 0.19801, 0.182014], 
              [0.39997, 0.0380424, 0.174015, 0.387972], 
              [0.64792, 0.122026, 0.0460408, 0.184013], 
              [0.00604879, 0.00204959, 0.00204959, 0.989852], 
              [0.00404919, 0.0320436, 0.893871, 0.070036], 
              [0.973855, 0.00404919, 0.010048, 0.0120476], 
              [0.0940312, 0.59793, 0.303989, 0.00404919], 
              [0.0940312, 0.0220456, 0.00804839, 0.875875], 
              [0.138022, 0.533943, 0.293991, 0.0340432], 
              [0.621926, 0.0440412, 0.10203, 0.232004], 
              [0.130024, 0.204009, 0.411968, 0.253999]
            ]
          }, {
            "db": 0,
            "id": "BATF_MOUSE.H11MO.1.A",
            "len": 11,
            "nsites": 500,
            "evalue": "1.0e+000",
            "url": "http://hocomoco.autosome.ru/motif/BATF_MOUSE.H11MO.1.A",
            "pwm": [
              [0.244001, 0.124025, 0.563937, 0.0680364], 
              [0.469956, 0.104029, 0.142022, 0.283993], 
              [0.379974, 0.010048, 0.126025, 0.483953], 
              [0.707908, 0.114027, 0.020046, 0.158018], 
              [0.00204959, 0.00204959, 4.999e-05, 0.995851], 
              [0.00204959, 0.00404919, 0.989852, 0.00404919], 
              [0.991852, 4.999e-05, 4.999e-05, 0.00804839], 
              [0.090032, 0.505949, 0.373975, 0.030044], 
              [0.0620376, 0.0160468, 0.00404919, 0.917866], 
              [0.210008, 0.613927, 0.164017, 0.0120476], 
              [0.84988, 0.020046, 0.0480404, 0.0820336]
            ]
          }, {
            "db": 0,
            "id": "BCL6_MOUSE.H11MO.0.A",
            "len": 13,
            "nsites": 500,
            "evalue": "1.0e+000",
            "url": "http://hocomoco.autosome.ru/motif/BCL6_MOUSE.H11MO.0.A",
            "pwm": [
              [0.180014, 0.216007, 0.178014, 0.425965], 
              [0.208008, 0.144021, 0.439962, 0.208008], 
              [0.182014, 0.625925, 0.0860328, 0.106029], 
              [0.144021, 0.126025, 0.0540392, 0.675915], 
              [0.0480404, 0.315987, 0.0680364, 0.567936], 
              [0.040042, 0.0440412, 0.0120476, 0.903869], 
              [0.00404919, 0.875875, 0.00804839, 0.112028], 
              [0.0380424, 0.523945, 0.0460408, 0.391972], 
              [0.955859, 0.020046, 0.0160468, 0.00804839], 
              [0.130024, 0.00404919, 0.811888, 0.0540392], 
              [0.0280444, 0.0660368, 0.837882, 0.0680364], 
              [0.671916, 0.0960308, 0.136023, 0.0960308], 
              [0.775895, 0.0720356, 0.0260448, 0.126025]
            ]
          }, {
            "db": 0,
            "id": "BHA15_MOUSE.H11MO.0.A",
            "len": 11,
            "nsites": 500,
            "evalue": "1.0e+000",
            "url": "http://hocomoco.autosome.ru/motif/BHA15_MOUSE.H11MO.0.A",
            "pwm": [
              [0.172016, 0.285993, 0.471956, 0.070036], 
              [0.15202, 0.44996, 0.295991, 0.10203], 
              [0.687912, 0.0680364, 0.20001, 0.0440412], 
              [0.279994, 0.108028, 0.609928, 0.00204959], 
              [0.0560388, 0.921866, 0.0160468, 0.00604879], 
              [0.983853, 0.00404919, 0.010048, 0.00204959], 
              [0.00604879, 0.00404919, 0.963857, 0.0260448], 
              [0.0540392, 0.877874, 0.0640372, 0.00404919], 
              [0.0260448, 0.0120476, 0.00404919, 0.957858], 
              [0.00404919, 0.00404919, 0.981854, 0.010048], 
              [0.00204959, 0.14802, 0.633923, 0.216007]
            ]
          }, {
            "db": 0,
            "id": "BHE40_MOUSE.H11MO.0.A",
            "len": 9,
            "nsites": 500,
            "evalue": "1.0e+000",
            "url": "http://hocomoco.autosome.ru/motif/BHE40_MOUSE.H11MO.0.A",
            "pwm": [
              [0.289992, 0.0380424, 0.505949, 0.166017], 
              [0.124025, 0.869876, 0.00204959, 0.00404919], 
              [0.937862, 0.010048, 0.0160468, 0.0360428], 
              [0.00404919, 0.893871, 0.020046, 0.0820336], 
              [0.0280444, 0.0120476, 0.95186, 0.00804839], 
              [0.0180464, 0.0160468, 0.0220456, 0.943861], 
              [4.999e-05, 4.999e-05, 0.99785, 0.00204959], 
              [0.655919, 0.277994, 0.0620376, 0.00404919], 
              [0.126025, 0.505949, 0.273995, 0.0940312]
            ]
          }, {
            "db": 0,
            "id": "BHE41_MOUSE.H11MO.0.D",
            "len": 20,
            "nsites": 10,
            "evalue": "1.0e+000",
            "url": "http://hocomoco.autosome.ru/motif/BHE41_MOUSE.H11MO.0.D",
            "pwm": [
              [0.382694, 0.0764775, 0.168342, 0.372486], 
              [0.00247525, 0.584286, 0.410763, 0.00247525], 
              [0.298484, 0.308691, 0.298484, 0.0943401], 
              [0.400556, 0.104547, 0.492421, 0.00247525], 
              [0.104547, 0.104547, 0.410763, 0.380142], 
              [0.00247525, 0.400556, 0.492421, 0.104547], 
              [0.00247525, 0.492421, 0.00247525, 0.502628], 
              [0.00247525, 0.992574, 0.00247525, 0.00247525], 
              [0.706772, 0.00247525, 0.196412, 0.0943401], 
              [0.206619, 0.594493, 0.0943401, 0.104547], 
              [0.00247525, 0.104547, 0.798637, 0.0943401], 
              [0.00247525, 0.00247525, 0.00247525, 0.992574], 
              [0.00247525, 0.00247525, 0.992574, 0.00247525], 
              [0.308691, 0.594493, 0.0943401, 0.00247525], 
              [0.410763, 0.196412, 0.104547, 0.288277], 
              [0.00247525, 0.0943401, 0.706772, 0.196412], 
              [0.492421, 0.196412, 0.308691, 0.00247525], 
              [0.400556, 0.0943401, 0.400556, 0.104547], 
              [0.308691, 0.104547, 0.584286, 0.00247525], 
              [0.232137, 0.324002, 0.324002, 0.119858]
            ]
          }, {
            "db": 0,
            "id": "BMAL1_MOUSE.H11MO.0.A",
            "len": 9,
            "nsites": 500,
            "evalue": "1.0e+000",
            "url": "http://hocomoco.autosome.ru/motif/BMAL1_MOUSE.H11MO.0.A",
            "pwm": [
              [0.311988, 0.505949, 0.180014, 0.00204959], 
              [0.0660368, 0.923865, 0.00204959, 0.00804839], 
              [0.939862, 0.0180464, 0.0220456, 0.020046], 
              [0.00404919, 0.793891, 0.0380424, 0.164017], 
              [0.0180464, 0.0120476, 0.959858, 0.010048], 
              [0.010048, 4.999e-05, 0.00404919, 0.985853], 
              [0.00404919, 0.00404919, 0.989852, 0.00204959], 
              [0.477954, 0.407968, 0.0140472, 0.10003], 
              [0.134023, 0.481954, 0.156019, 0.228004]
            ]
          }, {
            "db": 0,
            "id": "BRAC_MOUSE.H11MO.0.B",
            "len": 25,
            "nsites": 435,
            "evalue": "1.0e+000",
            "url": "http://hocomoco.autosome.ru/motif/BRAC_MOUSE.H11MO.0.B",
            "pwm": [
              [0.177028, 0.154045, 0.193117, 0.47581], 
              [0.0873937, 0.0690071, 0.110377, 0.733222], 
              [0.0391289, 0.0368306, 0.344806, 0.579235], 
              [0.280453, 0.181625, 0.142553, 0.395369], 
              [0.211503, 0.351701, 0.342507, 0.0942887], 
              [0.0276373, 0.848138, 0.0391289, 0.0850954], 
              [0.751609, 0.0598138, 0.0414273, 0.14715], 
              [0.108079, 0.347104, 0.163238, 0.381579], 
              [0.388474, 0.239083, 0.101184, 0.271259], 
              [0.282751, 0.0988853, 0.137957, 0.480407], 
              [0.255171, 0.114974, 0.510285, 0.11957], 
              [0.20231, 0.170133, 0.193117, 0.43444], 
              [0.0460239, 0.50339, 0.393071, 0.0575155], 
              [0.0161457, 0.018444, 0.00235578, 0.963054], 
              [0.0138474, 0.0483222, 0.917088, 0.0207424], 
              [0.0736038, 0.0919903, 0.0230407, 0.811365], 
              [0.0230407, 0.427545, 0.402264, 0.14715], 
              [0.786084, 0.0414273, 0.0391289, 0.13336], 
              [0.698747, 0.0873937, 0.140255, 0.0736038], 
              [0.200011, 0.103482, 0.10578, 0.590726], 
              [0.0345323, 0.128764, 0.165537, 0.671168], 
              [0.126465, 0.386176, 0.110377, 0.376982], 
              [0.372386, 0.239083, 0.206906, 0.181625], 
              [0.0850954, 0.154045, 0.156343, 0.604516], 
              [0.110377, 0.167835, 0.468915, 0.252873]
            ]
          }, {
            "db": 0,
            "id": "BRAC_MOUSE.H11MO.1.C",
            "len": 13,
            "nsites": 500,
            "evalue": "1.0e+000",
            "url": "http://hocomoco.autosome.ru/motif/BRAC_MOUSE.H11MO.1.C",
            "pwm": [
              [0.265997, 0.0840332, 0.146021, 0.503949], 
              [0.252, 0.158018, 0.511948, 0.0780344], 
              [0.162018, 0.168016, 0.226005, 0.443961], 
              [0.0320436, 0.525945, 0.39997, 0.0420416], 
              [0.00804839, 0.0260448, 0.00604879, 0.959858], 
              [4.999e-05, 0.0180464, 0.94786, 0.0340432], 
              [0.0280444, 0.0360428, 0.0320436, 0.903869], 
              [0.0220456, 0.419966, 0.485953, 0.0720356], 
              [0.759898, 0.0320436, 0.040042, 0.168016], 
              [0.69991, 0.130024, 0.132024, 0.0380424], 
              [0.236003, 0.104029, 0.112028, 0.54794], 
              [0.0360428, 0.114027, 0.126025, 0.723905], 
              [0.0660368, 0.393971, 0.164017, 0.375975]
            ]
          }, {
            "db": 0,
            "id": "BRCA1_MOUSE.H11MO.0.D",
            "len": 9,
            "nsites": 73,
            "evalue": "1.0e+000",
            "url": "http://hocomoco.autosome.ru/motif/BRCA1_MOUSE.H11MO.0.D",
            "pwm": [
              [0.144183, 0.197273, 0.290415, 0.368129], 
              [0.189559, 0.000341997, 0.275458, 0.53464], 
              [0.0283353, 0.125352, 0.153345, 0.692967], 
              [0.0563285, 0.344482, 0.481551, 0.117639], 
              [0.0283353, 0.149978, 0.450661, 0.371027], 
              [0.000341997, 0.000341997, 0.869618, 0.129698], 
